True label,Predicted Label
School Principal,Campaigner
Data Scientist,Manufacturer
Superintendent,School Principal
Data Scientist,Teacher
Teacher,Superintendent
Software Engineer,Manufacturer
Manufacturer,Manufacturer
Teacher,Campaigner
Manufacturer,Manufacturer
School Principal,Superintendent
Athletics Director,Athletics Director
Data Scientist,Data Scientist
Teacher,Manufacturer
Teacher,Teacher
Data Scientist,Data Scientist
Software Engineer,Data Scientist
Software Engineer,Software Engineer
Manufacturer,Manufacturer
Data Scientist,Software Engineer
Campaigner,Campaigner
Software Engineer,Agent
Teacher,Campaigner
Software Engineer,Software Engineer
Campaigner,Superintendent
Data Scientist,Software Engineer
Executive Chef,Executive Chef
Manufacturer,Manufacturer
School Principal,School Principal
Campaigner,Campaigner
Teacher,Teacher
Manufacturer,Manufacturer
Data Scientist,Data Scientist
Teacher,Campaigner
Superintendent,School Principal
Campaigner,Campaigner
Executive Chef,Executive Chef
Data Scientist,Data Scientist
Campaigner,Agent
Teacher,Campaigner
Athletics Director,Athletics Director
School Principal,School Principal
Athletics Director,Agent
Teacher,Software Engineer
Software Engineer,Software Engineer
Manufacturer,Manufacturer
Superintendent,School Principal
Campaigner,Campaigner
Executive Chef,Executive Chef
Manufacturer,Teacher
Executive Chef,School Principal
Executive Chef,Athletics Director
Data Scientist,Data Scientist
Teacher,Teacher
Athletics Director,Athletics Director
Superintendent,Executive Chef
Athletics Director,Athletics Director
Software Engineer,Software Engineer
Agent,Agent
Data Scientist,Data Scientist
School Principal,Teacher
Athletics Director,Athletics Director
Data Scientist,Data Scientist
Teacher,Campaigner
Campaigner,Campaigner
Superintendent,Superintendent
Campaigner,Data Scientist
Teacher,Teacher
Campaigner,Campaigner
Teacher,Teacher
School Principal,Teacher
Teacher,School Principal
School Principal,School Principal
Campaigner,Campaigner
Software Engineer,Software Engineer
Superintendent,School Principal
Agent,Athletics Director
Athletics Director,Agent
Software Engineer,Software Engineer
Teacher,Agent
Campaigner,Campaigner
Agent,Agent
Athletics Director,Athletics Director
School Principal,Campaigner
Athletics Director,Athletics Director
Manufacturer,Manufacturer
Superintendent,School Principal
Executive Chef,Athletics Director
Data Scientist,Data Scientist
Data Scientist,Data Scientist
Agent,Campaigner
Manufacturer,Manufacturer
Manufacturer,Superintendent
Executive Chef,Executive Chef
Teacher,School Principal
Athletics Director,Athletics Director
Campaigner,Campaigner
Executive Chef,Executive Chef
School Principal,School Principal
School Principal,Superintendent
Data Scientist,School Principal
Manufacturer,Manufacturer
Athletics Director,Manufacturer
Executive Chef,Campaigner
Agent,Campaigner
Executive Chef,Executive Chef
Data Scientist,Manufacturer
Teacher,Software Engineer
Teacher,Superintendent
Software Engineer,Campaigner
School Principal,Teacher
Campaigner,Campaigner
Software Engineer,Software Engineer
Executive Chef,Executive Chef
Software Engineer,Software Engineer
School Principal,Superintendent
Teacher,Data Scientist
Campaigner,Campaigner
Executive Chef,Agent
Executive Chef,Superintendent
Executive Chef,Executive Chef
Agent,Campaigner
Teacher,Teacher
Executive Chef,Executive Chef
School Principal,Athletics Director
Agent,Agent
Manufacturer,Manufacturer
Executive Chef,Executive Chef
Campaigner,Campaigner
Campaigner,Campaigner
School Principal,Superintendent
Athletics Director,Athletics Director
Campaigner,Campaigner
Campaigner,Manufacturer
Executive Chef,Athletics Director
Campaigner,Executive Chef
Manufacturer,Manufacturer
Software Engineer,Data Scientist
Data Scientist,Teacher
Teacher,Campaigner
Superintendent,Superintendent
Data Scientist,Campaigner
Superintendent,Manufacturer
Teacher,Software Engineer
Superintendent,Teacher
Executive Chef,Manufacturer
Campaigner,Manufacturer
Executive Chef,Executive Chef
Superintendent,School Principal
Data Scientist,Software Engineer
Teacher,Data Scientist
School Principal,Teacher
Athletics Director,Agent
Agent,Agent
Manufacturer,Manufacturer
Superintendent,Teacher
Manufacturer,Teacher
Athletics Director,Athletics Director
Campaigner,Campaigner
Athletics Director,Athletics Director
Software Engineer,Software Engineer
Agent,Campaigner
Agent,Software Engineer
Agent,Agent
Agent,Campaigner
Software Engineer,Teacher
Software Engineer,Agent
Manufacturer,Data Scientist
Agent,Athletics Director
Executive Chef,Executive Chef
Executive Chef,Executive Chef
Superintendent,Campaigner
Superintendent,Superintendent
School Principal,Superintendent
Software Engineer,Software Engineer
Manufacturer,Data Scientist
Data Scientist,Data Scientist
Software Engineer,Data Scientist
Executive Chef,Executive Chef
School Principal,School Principal
Executive Chef,Athletics Director
Campaigner,Campaigner
Superintendent,Superintendent
Teacher,School Principal
Data Scientist,Data Scientist
Manufacturer,Manufacturer
Teacher,Teacher
Agent,Agent
Athletics Director,Athletics Director
Teacher,Campaigner
Executive Chef,Executive Chef
Campaigner,Campaigner
Agent,Manufacturer
Teacher,Campaigner
Athletics Director,Athletics Director
Athletics Director,Athletics Director
School Principal,Superintendent
Teacher,Teacher
Superintendent,Superintendent
Teacher,Data Scientist
Athletics Director,Athletics Director
Teacher,Teacher
Data Scientist,Campaigner
Agent,Teacher
Campaigner,Campaigner
Agent,Agent
Agent,Software Engineer
Data Scientist,Data Scientist
Data Scientist,Software Engineer
Manufacturer,Campaigner
Agent,Superintendent
Software Engineer,Teacher
Agent,Agent
Superintendent,Manufacturer
Campaigner,Campaigner
Athletics Director,Athletics Director
Athletics Director,Athletics Director
Athletics Director,Athletics Director
Data Scientist,Campaigner
Agent,Teacher
Campaigner,Campaigner
Athletics Director,Athletics Director
School Principal,Superintendent
Superintendent,Superintendent
Executive Chef,Executive Chef
Athletics Director,Agent
Athletics Director,Athletics Director
Teacher,Teacher
Manufacturer,Manufacturer
Campaigner,Campaigner
Athletics Director,Athletics Director
Agent,Executive Chef
Superintendent,Manufacturer
Agent,Campaigner
Software Engineer,Campaigner
Data Scientist,Data Scientist
Manufacturer,Data Scientist
Agent,Athletics Director
Manufacturer,Manufacturer
Teacher,Teacher
Teacher,Campaigner
Campaigner,Campaigner
Teacher,Teacher
Software Engineer,Data Scientist
Agent,Software Engineer
Executive Chef,Executive Chef
Athletics Director,Athletics Director
Software Engineer,Software Engineer
Software Engineer,Software Engineer
Campaigner,Agent
Agent,Software Engineer
School Principal,Athletics Director
Teacher,Agent
Athletics Director,Athletics Director
Data Scientist,Data Scientist
Software Engineer,Teacher
Athletics Director,Athletics Director
Superintendent,Software Engineer
Teacher,Data Scientist
Executive Chef,Agent
Software Engineer,Software Engineer
Agent,Campaigner
Agent,Agent
Executive Chef,Campaigner
Data Scientist,Teacher
Agent,Data Scientist
Manufacturer,Manufacturer
Software Engineer,Data Scientist
Agent,Campaigner
Athletics Director,School Principal
School Principal,School Principal
Executive Chef,Manufacturer
Teacher,Teacher
Athletics Director,Athletics Director
Campaigner,Agent
Superintendent,Superintendent
Teacher,Superintendent
Agent,Athletics Director
Athletics Director,Athletics Director
Manufacturer,Manufacturer
Executive Chef,Executive Chef
School Principal,Teacher
Superintendent,Superintendent
Data Scientist,Software Engineer
Executive Chef,Executive Chef
Teacher,Teacher
Campaigner,Campaigner
Data Scientist,Software Engineer
Superintendent,Superintendent
Teacher,Teacher
School Principal,Agent
Campaigner,Campaigner
Teacher,Teacher
Teacher,Campaigner
Data Scientist,Data Scientist
Superintendent,Manufacturer
School Principal,Athletics Director
Data Scientist,Data Scientist
Campaigner,Campaigner
Superintendent,Campaigner
Executive Chef,Software Engineer
Teacher,Teacher
Athletics Director,Athletics Director
Agent,Campaigner
Campaigner,Campaigner
Data Scientist,Data Scientist
School Principal,School Principal
Agent,Agent
Campaigner,Campaigner
Manufacturer,Manufacturer
Athletics Director,Athletics Director
Software Engineer,Agent
Athletics Director,Athletics Director
Agent,Software Engineer
Software Engineer,Software Engineer
Executive Chef,Executive Chef
School Principal,Superintendent
Data Scientist,Data Scientist
Executive Chef,Executive Chef
Athletics Director,Athletics Director
School Principal,Superintendent
Athletics Director,Manufacturer
Superintendent,Athletics Director
Superintendent,School Principal
Executive Chef,Teacher
Executive Chef,Executive Chef
Data Scientist,Data Scientist
School Principal,Agent
Teacher,School Principal
Superintendent,School Principal
Software Engineer,Data Scientist
Campaigner,Campaigner
Executive Chef,Executive Chef
Athletics Director,Athletics Director
Executive Chef,Software Engineer
Software Engineer,Agent
Manufacturer,Manufacturer
Athletics Director,Athletics Director
School Principal,School Principal
Athletics Director,Athletics Director
Agent,Agent
Software Engineer,Software Engineer
School Principal,Superintendent
Software Engineer,Data Scientist
Superintendent,Teacher
Teacher,Teacher
Teacher,Campaigner
Agent,Agent
Superintendent,Manufacturer
Executive Chef,Executive Chef
Software Engineer,Manufacturer
Data Scientist,Software Engineer
Manufacturer,School Principal
Teacher,Teacher
Software Engineer,Software Engineer
Superintendent,School Principal
Data Scientist,Data Scientist
Data Scientist,Data Scientist
Superintendent,School Principal
Manufacturer,Data Scientist
Data Scientist,Data Scientist
Campaigner,Campaigner
Campaigner,School Principal
Manufacturer,Manufacturer
Superintendent,Superintendent
Data Scientist,Manufacturer
Data Scientist,Data Scientist
Software Engineer,Athletics Director
Athletics Director,Athletics Director
Agent,Campaigner
Manufacturer,Teacher
Manufacturer,Manufacturer
Executive Chef,Executive Chef
Campaigner,Data Scientist
Executive Chef,Executive Chef
Manufacturer,Manufacturer
Athletics Director,Athletics Director
School Principal,Data Scientist
Data Scientist,Data Scientist
School Principal,School Principal
Campaigner,School Principal
Campaigner,Campaigner
Agent,Campaigner
Teacher,Agent
Software Engineer,Executive Chef
Executive Chef,Agent
Agent,Data Scientist
Athletics Director,Executive Chef
Executive Chef,Manufacturer
School Principal,Athletics Director
Teacher,Software Engineer
Software Engineer,Software Engineer
Athletics Director,Campaigner
Campaigner,Campaigner
Data Scientist,Software Engineer
Agent,Campaigner
Agent,Agent
Software Engineer,Software Engineer
Superintendent,Superintendent
Agent,Executive Chef
School Principal,School Principal
Executive Chef,Executive Chef
Manufacturer,Manufacturer
Superintendent,Teacher
Campaigner,Data Scientist
Manufacturer,Manufacturer
Executive Chef,Agent
Software Engineer,Campaigner
Data Scientist,Data Scientist
Manufacturer,Manufacturer
Software Engineer,Software Engineer
Software Engineer,Campaigner
Manufacturer,Manufacturer
Manufacturer,Manufacturer
Teacher,Teacher
Manufacturer,Manufacturer
Software Engineer,Software Engineer
Manufacturer,Manufacturer
Software Engineer,Superintendent
Data Scientist,Data Scientist
Superintendent,Superintendent
School Principal,School Principal
Campaigner,Executive Chef
School Principal,Superintendent
Software Engineer,Software Engineer
Data Scientist,Data Scientist
Campaigner,Campaigner
Manufacturer,Superintendent
Teacher,School Principal
School Principal,School Principal
Manufacturer,Executive Chef
Agent,Manufacturer
Campaigner,Campaigner
Teacher,Manufacturer
Teacher,Agent
School Principal,Athletics Director
Executive Chef,Executive Chef
Teacher,Teacher
Agent,Agent
Manufacturer,Manufacturer
Data Scientist,Manufacturer
Campaigner,Agent
Athletics Director,Athletics Director
School Principal,School Principal
Athletics Director,Athletics Director
Executive Chef,Executive Chef
Manufacturer,Manufacturer
School Principal,School Principal
Software Engineer,Software Engineer
Data Scientist,Data Scientist
Campaigner,Software Engineer
Agent,Agent
Agent,Agent
Athletics Director,Athletics Director
Executive Chef,Executive Chef
Manufacturer,Manufacturer
Superintendent,Executive Chef
Agent,Campaigner
Athletics Director,Athletics Director
Software Engineer,Software Engineer
Campaigner,Campaigner
Campaigner,Data Scientist
Campaigner,Campaigner
Campaigner,Campaigner
Superintendent,Teacher
Data Scientist,Software Engineer
Campaigner,Manufacturer
Campaigner,Campaigner
Teacher,Data Scientist
Athletics Director,Athletics Director
Manufacturer,Superintendent
Agent,Software Engineer
Athletics Director,Athletics Director
Superintendent,Superintendent
Athletics Director,Athletics Director
Software Engineer,Manufacturer
School Principal,Teacher
Agent,Agent
Manufacturer,Manufacturer
Teacher,Software Engineer
Agent,Agent
Athletics Director,Athletics Director
Teacher,Executive Chef
School Principal,School Principal
Executive Chef,Teacher
Data Scientist,Data Scientist
Data Scientist,Campaigner
Teacher,Agent
Superintendent,Campaigner
Campaigner,Manufacturer
Executive Chef,Agent
Software Engineer,Software Engineer
Data Scientist,Campaigner
Manufacturer,Manufacturer
Athletics Director,School Principal
Software Engineer,Software Engineer
Manufacturer,Manufacturer
Campaigner,Campaigner
Software Engineer,Data Scientist
Superintendent,School Principal
Manufacturer,Manufacturer
Software Engineer,Data Scientist
Teacher,Data Scientist
Manufacturer,Data Scientist
Data Scientist,Data Scientist
School Principal,Superintendent
Teacher,Executive Chef
Software Engineer,Software Engineer
Data Scientist,Data Scientist
Data Scientist,Software Engineer
Manufacturer,Teacher
Superintendent,Superintendent
Athletics Director,Athletics Director
School Principal,School Principal
School Principal,Teacher
Executive Chef,Executive Chef
School Principal,Superintendent
Software Engineer,Software Engineer
Teacher,Data Scientist
Campaigner,Campaigner
Superintendent,School Principal
Superintendent,School Principal
Teacher,Agent
Data Scientist,Campaigner
Superintendent,Superintendent
School Principal,School Principal
Athletics Director,Agent
Superintendent,Agent
Software Engineer,Manufacturer
Executive Chef,Executive Chef
Campaigner,Campaigner
Software Engineer,Software Engineer
School Principal,Campaigner
Teacher,Software Engineer
Campaigner,Campaigner
Data Scientist,Software Engineer
Teacher,Agent
Athletics Director,Athletics Director
Manufacturer,Superintendent
Agent,Athletics Director
Software Engineer,Software Engineer
Manufacturer,Executive Chef
Campaigner,Campaigner
Manufacturer,Manufacturer
Teacher,Campaigner
Manufacturer,Superintendent
Executive Chef,Executive Chef
School Principal,School Principal
Executive Chef,Superintendent
Superintendent,Superintendent
Software Engineer,Software Engineer
School Principal,School Principal
Teacher,School Principal
Software Engineer,Superintendent
School Principal,Superintendent
Agent,Software Engineer
Executive Chef,Executive Chef
Agent,Agent
Agent,Agent
School Principal,School Principal
Manufacturer,Manufacturer
Agent,Agent
Superintendent,School Principal
Manufacturer,Manufacturer
School Principal,Software Engineer
Data Scientist,Data Scientist
Data Scientist,Software Engineer
Athletics Director,Athletics Director
School Principal,Manufacturer
Teacher,Campaigner
Executive Chef,Executive Chef
School Principal,Superintendent
Agent,Agent
Superintendent,School Principal
Agent,Agent
Athletics Director,Athletics Director
School Principal,School Principal
Teacher,Superintendent
Manufacturer,Manufacturer
Campaigner,Campaigner
Athletics Director,Teacher
Superintendent,Data Scientist
Athletics Director,Agent
Executive Chef,Executive Chef
Data Scientist,Agent
Manufacturer,Manufacturer
Data Scientist,Software Engineer
Manufacturer,Manufacturer
Data Scientist,Data Scientist
Teacher,School Principal
Teacher,Manufacturer
Manufacturer,Data Scientist
Campaigner,Agent
Superintendent,Agent
Data Scientist,Data Scientist
Campaigner,Campaigner
School Principal,Campaigner
Software Engineer,Data Scientist
Agent,Agent
Athletics Director,Athletics Director
Data Scientist,Data Scientist
Athletics Director,Manufacturer
Data Scientist,Data Scientist
Athletics Director,Athletics Director
Data Scientist,Data Scientist
Athletics Director,Athletics Director
Executive Chef,Athletics Director
Athletics Director,Athletics Director
Campaigner,Campaigner
Software Engineer,Software Engineer
Executive Chef,Executive Chef
Software Engineer,Data Scientist
Campaigner,Teacher
Executive Chef,Executive Chef
Teacher,Executive Chef
Software Engineer,Data Scientist
Campaigner,Campaigner
Software Engineer,Software Engineer
Campaigner,Campaigner
Athletics Director,Athletics Director
Superintendent,Campaigner
Manufacturer,Manufacturer
Executive Chef,Executive Chef
School Principal,Superintendent
Teacher,Data Scientist
Teacher,Campaigner
Campaigner,Manufacturer
Teacher,Teacher
Superintendent,Athletics Director
School Principal,Superintendent
Executive Chef,Manufacturer
Manufacturer,Manufacturer
Manufacturer,Manufacturer
Campaigner,Campaigner
Teacher,Teacher
Superintendent,Superintendent
Teacher,Teacher
Superintendent,School Principal
Superintendent,Data Scientist
Teacher,Campaigner
Agent,Agent
Data Scientist,Teacher
Superintendent,Superintendent
Superintendent,Campaigner
Software Engineer,Software Engineer
Superintendent,School Principal
Executive Chef,Executive Chef
Manufacturer,Manufacturer
Campaigner,Manufacturer
Manufacturer,Manufacturer
Campaigner,Campaigner
Manufacturer,Manufacturer
Software Engineer,Software Engineer
Executive Chef,Executive Chef
Manufacturer,Manufacturer
Athletics Director,Athletics Director
Software Engineer,Software Engineer
Superintendent,Teacher
School Principal,Superintendent
Executive Chef,Executive Chef
School Principal,School Principal
Superintendent,Manufacturer
Campaigner,Campaigner
Data Scientist,Software Engineer
Software Engineer,Data Scientist
Agent,Superintendent
Agent,Athletics Director
Manufacturer,Manufacturer
Athletics Director,Athletics Director
Data Scientist,Athletics Director
Manufacturer,Executive Chef
Data Scientist,Agent
Agent,Agent
Data Scientist,Data Scientist
Agent,Software Engineer
Executive Chef,Executive Chef
Executive Chef,Executive Chef
Data Scientist,Data Scientist
Agent,Manufacturer
Athletics Director,Executive Chef
Executive Chef,Executive Chef
Manufacturer,Manufacturer
Campaigner,Teacher
Agent,Software Engineer
Manufacturer,Agent
Superintendent,Superintendent
Athletics Director,Athletics Director
School Principal,Athletics Director
Teacher,Teacher
Agent,Software Engineer
Athletics Director,School Principal
Executive Chef,Executive Chef
Superintendent,Campaigner
Superintendent,Superintendent
Superintendent,Superintendent
Campaigner,Data Scientist
Software Engineer,Campaigner
Teacher,Teacher
Campaigner,Campaigner
School Principal,School Principal
Superintendent,School Principal
School Principal,Teacher
Manufacturer,Agent
Data Scientist,Data Scientist
Executive Chef,Executive Chef
Teacher,Software Engineer
Superintendent,Superintendent
Teacher,Teacher
School Principal,School Principal
Executive Chef,Agent
Data Scientist,Software Engineer
Superintendent,Superintendent
Manufacturer,Manufacturer
Athletics Director,Athletics Director
Agent,Agent
Software Engineer,Software Engineer
School Principal,School Principal
Superintendent,Manufacturer
Agent,Superintendent
Superintendent,School Principal
Executive Chef,Executive Chef
Data Scientist,Software Engineer
Data Scientist,Teacher
Manufacturer,Manufacturer
Executive Chef,Software Engineer
Campaigner,Superintendent
Agent,Executive Chef
Executive Chef,Agent
Executive Chef,Executive Chef
Data Scientist,Teacher
Athletics Director,Agent
Athletics Director,Athletics Director
Teacher,School Principal
Manufacturer,Manufacturer
School Principal,Athletics Director
Agent,Agent
Superintendent,School Principal
Superintendent,Superintendent
Agent,Software Engineer
Superintendent,School Principal
Manufacturer,Manufacturer
Superintendent,Superintendent
Athletics Director,Athletics Director
Athletics Director,Athletics Director
Campaigner,Agent
Agent,Athletics Director
Software Engineer,Software Engineer
Manufacturer,School Principal
Teacher,Data Scientist
Superintendent,Athletics Director
School Principal,School Principal
Agent,Manufacturer
Teacher,Teacher
School Principal,School Principal
Executive Chef,Executive Chef
School Principal,School Principal
Teacher,Data Scientist
School Principal,Teacher
Executive Chef,Athletics Director
Agent,Agent
Agent,Agent
Agent,Data Scientist
Superintendent,Superintendent
Superintendent,Superintendent
Campaigner,Campaigner
Campaigner,Campaigner
Agent,Agent
Data Scientist,Data Scientist
Superintendent,Athletics Director
Manufacturer,Manufacturer
School Principal,School Principal
Software Engineer,Software Engineer
School Principal,School Principal
School Principal,School Principal
Campaigner,Campaigner
Data Scientist,Software Engineer
School Principal,Superintendent
Campaigner,Campaigner
Agent,Athletics Director
Campaigner,Software Engineer
Agent,Agent
Executive Chef,Executive Chef
Agent,Manufacturer
Executive Chef,Executive Chef
Athletics Director,Executive Chef
School Principal,Manufacturer
School Principal,Superintendent
Superintendent,Superintendent
Executive Chef,Executive Chef
Agent,Agent
Teacher,Campaigner
School Principal,Superintendent
Software Engineer,Software Engineer
Superintendent,Teacher
Agent,Campaigner
Data Scientist,Data Scientist
Data Scientist,Data Scientist
Superintendent,Superintendent
Campaigner,Campaigner
Executive Chef,Executive Chef
Athletics Director,Agent
Software Engineer,Executive Chef
Teacher,Agent
School Principal,School Principal
Executive Chef,Agent
Athletics Director,Athletics Director
Manufacturer,Manufacturer
Agent,Manufacturer
Superintendent,Superintendent
Data Scientist,Data Scientist
Manufacturer,Manufacturer
Agent,Manufacturer
Data Scientist,Manufacturer
Executive Chef,Teacher
Software Engineer,Software Engineer
Agent,Agent
Superintendent,Teacher
Superintendent,Campaigner
School Principal,Athletics Director
Campaigner,Data Scientist
Manufacturer,Manufacturer
Superintendent,Superintendent
Athletics Director,Agent
Superintendent,Superintendent
Software Engineer,Software Engineer
Superintendent,Superintendent
Teacher,Executive Chef
Data Scientist,Data Scientist
Manufacturer,Software Engineer
Executive Chef,Superintendent
Manufacturer,Software Engineer
Manufacturer,School Principal
Athletics Director,Athletics Director
Manufacturer,Manufacturer
Agent,Athletics Director
Software Engineer,Software Engineer
Agent,Software Engineer
Manufacturer,Manufacturer
Manufacturer,Teacher
School Principal,School Principal
Athletics Director,Athletics Director
Data Scientist,Data Scientist
Software Engineer,Manufacturer
Executive Chef,Executive Chef
Teacher,Agent
Agent,Data Scientist
Manufacturer,Superintendent
School Principal,Campaigner
Campaigner,Data Scientist
Software Engineer,Software Engineer
School Principal,Superintendent
Campaigner,Teacher
Software Engineer,Software Engineer
Data Scientist,Data Scientist
Superintendent,Manufacturer
Agent,Software Engineer
Executive Chef,Executive Chef
Superintendent,Athletics Director
Software Engineer,Campaigner
Athletics Director,Athletics Director
Data Scientist,Data Scientist
Software Engineer,Software Engineer
Executive Chef,Executive Chef
Athletics Director,Athletics Director
Software Engineer,Software Engineer
Data Scientist,Data Scientist
Executive Chef,Executive Chef
Superintendent,Superintendent
Superintendent,Superintendent
School Principal,Campaigner
Teacher,Manufacturer
Athletics Director,Athletics Director
School Principal,Athletics Director
Executive Chef,Executive Chef
Superintendent,School Principal
Athletics Director,Athletics Director
Campaigner,Campaigner
School Principal,School Principal
Campaigner,Superintendent
Athletics Director,Teacher
Executive Chef,Executive Chef
Manufacturer,Manufacturer
Superintendent,Campaigner
Data Scientist,Data Scientist
Athletics Director,Athletics Director
Superintendent,Superintendent
School Principal,School Principal
Software Engineer,Data Scientist
School Principal,Superintendent
Manufacturer,Manufacturer
Agent,Agent
Manufacturer,Teacher
Teacher,School Principal
Data Scientist,Software Engineer
Software Engineer,Software Engineer
Software Engineer,Data Scientist
Campaigner,Campaigner
Athletics Director,Athletics Director
Data Scientist,Software Engineer
Executive Chef,Athletics Director
Software Engineer,Software Engineer
Athletics Director,Agent
Software Engineer,Software Engineer
Manufacturer,Teacher
Data Scientist,Data Scientist
School Principal,School Principal
Agent,Athletics Director
Superintendent,Executive Chef
Software Engineer,Software Engineer
Software Engineer,Software Engineer
Agent,Agent
School Principal,Teacher
Athletics Director,School Principal
Campaigner,Campaigner
Agent,Superintendent
Executive Chef,Executive Chef
School Principal,School Principal
Data Scientist,Data Scientist
Software Engineer,Data Scientist
Teacher,Campaigner
Executive Chef,Executive Chef
Athletics Director,Athletics Director
Athletics Director,Athletics Director
Executive Chef,Executive Chef
Athletics Director,Athletics Director
Teacher,Software Engineer
Campaigner,Athletics Director
School Principal,School Principal
Campaigner,Data Scientist
School Principal,Executive Chef
School Principal,School Principal
Agent,Superintendent
Manufacturer,Teacher
Teacher,Campaigner
School Principal,Agent
Software Engineer,Data Scientist
Teacher,Teacher
Athletics Director,Athletics Director
Data Scientist,Teacher
Data Scientist,Data Scientist
Campaigner,Campaigner
Software Engineer,Software Engineer
Software Engineer,Superintendent
Software Engineer,Data Scientist
Executive Chef,Executive Chef
Manufacturer,Manufacturer
Software Engineer,Manufacturer
Campaigner,Agent
Data Scientist,Teacher
Agent,Athletics Director
Campaigner,Teacher
